[gd_scene load_steps=16 format=3 uid="uid://c0b3rjfuqloa1"]

[ext_resource type="Script" path="res://scripts/gameplay.gd" id="1_yv17x"]
[ext_resource type="Texture2D" uid="uid://b02ay7mvwgk2q" path="res://icon.svg" id="2_vrsh7"]
[ext_resource type="PackedScene" uid="uid://ddc18p0pg4bh6" path="res://scenes/card/card.tscn" id="3_0f5cq"]
[ext_resource type="Script" path="res://scripts/card/resourceCardDeckNode.gd" id="3_bd85p"]
[ext_resource type="PackedScene" uid="uid://b3g3wyw7qhoq6" path="res://resources/models/Alchemy Models/AlchemySetFiles/Alchemyset.glb" id="5_8exo6"]
[ext_resource type="PackedScene" uid="uid://3gw2jbnor51w" path="res://scenes/menus/pause_menu.tscn" id="5_xpxku"]
[ext_resource type="PackedScene" uid="uid://bd7m83mya10q3" path="res://resources/models/Alchemy Models/DeskFiles/Desk.glb" id="6_adcc6"]
[ext_resource type="PackedScene" uid="uid://btgyfhlhfoe5x" path="res://resources/models/Alchemy Models/HolderFiles/Holder.gltf" id="7_i782a"]
[ext_resource type="PackedScene" uid="uid://triwej8ik7hv" path="res://resources/models/Alchemy Models/ScrollFiles/Scroll.gltf" id="8_41w0w"]
[ext_resource type="PackedScene" uid="uid://de1lghsrvyx13" path="res://resources/models/Alchemy Models/BookFiles/BookAndHolder.gltf" id="9_rpieh"]
[ext_resource type="Texture2D" uid="uid://coatmbxd3ymgf" path="res://resources/graphics/cards/background.png" id="11_smeeg"]
[ext_resource type="Script" path="res://scripts/cardSlot.gd" id="11_yctxp"]

[sub_resource type="Environment" id="Environment_vtgdd"]
ambient_light_source = 3
ambient_light_color = Color(1, 1, 1, 1)
ambient_light_energy = 0.2

[sub_resource type="StandardMaterial3D" id="StandardMaterial3D_eo613"]
albedo_texture = ExtResource("11_smeeg")

[sub_resource type="PlaneMesh" id="PlaneMesh_74yme"]
material = SubResource("StandardMaterial3D_eo613")
size = Vector2(1, 1.78)

[node name="Gameplay" type="Node3D"]
script = ExtResource("1_yv17x")

[node name="StaticBody3D" type="StaticBody3D" parent="."]
transform = Transform3D(1, 0, 0, 0, -4.37114e-08, -1, 0, 1, -4.37114e-08, 0, 0, 0)
visible = false
input_ray_pickable = false

[node name="CollisionPolygon3D" type="CollisionPolygon3D" parent="StaticBody3D"]
depth = 0.001
polygon = PackedVector2Array(10, 10, 10, -10, -10, -10, -10, 10)

[node name="Sprite3D" type="Sprite3D" parent="StaticBody3D"]
transform = Transform3D(15, 0, 0, 0, 15, 0, 0, 0, 1, 0, 0, 0)
flip_v = true
texture = ExtResource("2_vrsh7")

[node name="DraggingBoundsArea" type="Area3D" parent="."]
transform = Transform3D(1, 0, 0, 0, -4.37114e-08, -1, 0, 1, -4.37114e-08, 0, 0.65, 0)
collision_priority = 9.0
priority = 9

[node name="CollisionPolygon3D" type="CollisionPolygon3D" parent="DraggingBoundsArea"]
depth = 0.001
polygon = PackedVector2Array(10, 10, 10, -10, -10, -10, -10, 10)

[node name="Camera3D" type="Camera3D" parent="."]
transform = Transform3D(0.999391, 0.0152989, -0.0313675, 0, 0.898794, 0.438371, 0.0348995, -0.438104, 0.898247, 0, 4.8, 11)
environment = SubResource("Environment_vtgdd")

[node name="ResourceCardPool" type="Node" parent="." node_paths=PackedStringArray("tableCardSpawnPoint")]
script = ExtResource("3_bd85p")
tableCardSpawnPoint = NodePath("../TableCardSpawnPoint")
tableCardSpawnOffset = Vector3(0.2, 0, 0.2)
cardNode = ExtResource("3_0f5cq")

[node name="Control" type="Control" parent="."]
layout_mode = 3
anchors_preset = 15
anchor_right = 1.0
anchor_bottom = 1.0
grow_horizontal = 2
grow_vertical = 2
mouse_filter = 1

[node name="PauseMenu" parent="Control" instance=ExtResource("5_xpxku")]
visible = false
layout_mode = 0
anchors_preset = 0
anchor_right = 0.0
anchor_bottom = 0.0
offset_right = 1152.0
offset_bottom = 648.0
grow_horizontal = 1
grow_vertical = 1

[node name="ActiveMenu" type="Control" parent="Control"]
anchors_preset = 0
offset_right = 40.0
offset_bottom = 40.0

[node name="EndTurnButton" type="Button" parent="Control/ActiveMenu"]
layout_mode = 0
offset_right = 180.0
offset_bottom = 31.0
text = "Remove Random Card"

[node name="SpawnRandomCard" type="Button" parent="Control/ActiveMenu"]
layout_mode = 0
offset_top = 40.0
offset_right = 100.0
offset_bottom = 71.0
text = "Spawn Card"

[node name="EndTurnButton" type="Button" parent="Control"]
layout_mode = 0
offset_right = 8.0
offset_bottom = 8.0
text = "End Turn"

[node name="CardDisappearTimer" type="Timer" parent="."]
wait_time = 1.5
one_shot = true

[node name="TableCardSpawnPoint" type="Sprite3D" parent="."]
transform = Transform3D(0.999391, 0.0348995, 1.52551e-09, 0, -4.37114e-08, 1, 0.0348995, -0.999391, -4.36848e-08, 0.839737, 0, 4.18777)
visible = false
sorting_offset = 99.0
texture = ExtResource("2_vrsh7")

[node name="DraggingPolygon" type="CollisionPolygon3D" parent="."]
transform = Transform3D(1, 0, 0, 0, -4.37114e-08, -1, 0, 1, -4.37114e-08, 0, 0, 0)
depth = 0.001
polygon = PackedVector2Array(2.5, 4, 2.5, 8, -5, 8, -5, 4)

[node name="Desk" parent="." instance=ExtResource("6_adcc6")]
transform = Transform3D(-1.5299e-07, 0, 3.5, 0, 3.5, 0, -3.5, 0, -1.5299e-07, 0, -2.1, 5)

[node name="Holder" parent="." instance=ExtResource("7_i782a")]
transform = Transform3D(-1.5299e-07, 0, 3.5, 0, 3.5, 0, -3.5, 0, -1.5299e-07, 0.735, -1.875, 5.115)

[node name="Scroll" parent="." instance=ExtResource("8_41w0w")]
transform = Transform3D(-1.5299e-07, 0, 3.5, 0, 3.5, 0, -3.5, 0, -1.5299e-07, 0.705, -1.875, 5.015)

[node name="ScrollCollider" type="StaticBody3D" parent="Scroll"]
transform = Transform3D(0.941695, 0, -0.336471, 0, 1, 0, 0.336471, 0, 0.941695, -0.513962, 0.654548, -1.88274)

[node name="CollisionPolygon3D" type="CollisionPolygon3D" parent="Scroll/ScrollCollider"]
transform = Transform3D(0.943373, 0, 0.331733, 0, 1, 0, -0.331733, 0, 0.943373, 0.0451975, 0, -0.0161492)
depth = 0.2
polygon = PackedVector2Array(0.55, 0.1, 0.55, -0.1, -0.55, -0.1, -0.55, 0.1)

[node name="Alchemyset" parent="." instance=ExtResource("5_8exo6")]
transform = Transform3D(-1.5299e-07, 0, 3.5, 0, 3.5, 0, -3.5, 0, -1.5299e-07, 0, -2.139, 5.365)

[node name="BookAndHolder" parent="." instance=ExtResource("9_rpieh")]
transform = Transform3D(-1.5299e-07, 0, 3.5, 0, 3.5, 0, -3.5, 0, -1.5299e-07, 0.0838073, -2.08174, 5.29178)

[node name="NotebookCollider" type="StaticBody3D" parent="BookAndHolder"]
transform = Transform3D(0.91602, 0, 0.401133, 0, 1, 0, -0.401133, 0, 0.91602, -0.317435, 1.12572, 1.53111)

[node name="CollisionPolygon3D" type="CollisionPolygon3D" parent="BookAndHolder/NotebookCollider"]
transform = Transform3D(0.943373, 0, 0.331733, 0, 1, 0, -0.331733, 0, 0.943373, 0, 0, 0)
depth = 0.5
polygon = PackedVector2Array(0.5, 0.3, 0.5, -0.3, -0.5, -0.3, -0.5, 0.3)

[node name="DirectionalLight3D" type="DirectionalLight3D" parent="."]
transform = Transform3D(-0.395095, -0.440338, 0.806227, -0.185839, 0.897797, 0.39928, -0.899647, 0.00792454, -0.436547, 5.97596, 6.70141, 6.22891)

[node name="DirectionalLight3D2" type="DirectionalLight3D" parent="."]
transform = Transform3D(0.700266, 0.406072, -0.58714, -0.233067, 0.907439, 0.349621, 0.674764, -0.107985, 0.730091, -7.38689, 5.93705, 6.22891)

[node name="Control2" type="Control" parent="."]
layout_mode = 3
anchors_preset = 15
anchor_right = 1.0
anchor_bottom = 1.0
grow_horizontal = 2
grow_vertical = 2
mouse_filter = 1

[node name="CardDisappearTimer2" type="Timer" parent="."]
wait_time = 1.5
one_shot = true

[node name="CardSlot" type="Node3D" parent="."]
transform = Transform3D(1, 0, 0, 0, -4.37114e-08, -1, 0, 1, -4.37114e-08, -4.5, 0, 4.9)
script = ExtResource("11_yctxp")

[node name="MeshInstance3D" type="MeshInstance3D" parent="CardSlot"]
transform = Transform3D(-1, -8.74228e-08, 3.82137e-15, 0, -4.37114e-08, -1, 8.74228e-08, -1, 4.37114e-08, 0, 0, 0.01)
sorting_offset = -5.0
mesh = SubResource("PlaneMesh_74yme")

[connection signal="input_event" from="DraggingBoundsArea" to="." method="_on_dragging_bounds_area_input_event"]
[connection signal="mouse_entered" from="DraggingBoundsArea" to="." method="_on_dragging_bounds_area_mouse_entered"]
[connection signal="button_up" from="Control/ActiveMenu/EndTurnButton" to="." method="_on_end_turn_button_button_up"]
[connection signal="button_up" from="Control/ActiveMenu/SpawnRandomCard" to="." method="_on_spawn_random_card_button_up"]
[connection signal="timeout" from="CardDisappearTimer" to="." method="_on_card_disappear_timer_timeout"]
[connection signal="input_event" from="Scroll/ScrollCollider" to="." method="_on_scroll_collider_input_event"]
[connection signal="input_event" from="BookAndHolder/NotebookCollider" to="." method="_on_notebook_collider_input_event"]
